1001
1002
1004
1005
1007
1008
1009
1010
1011
1012
1013
1014
1015
1016
1018
1019
1020
1023
1024
1025
1026
1028
1029
1030
1031
1032
1033
1034
1035
1036
1037
1038
1039
1040
1041
1042
1044
1045
1046
1047
1048
1049
1050
1051
1052
1053
1054
1055
1056
1057
1058
1059
1060
1061
1062
1063
1064
1065
1066
1067
1068
1069
1070
1071
1072
1073
1074
1076
1077
1078
1079
1080
1081
1082
1083
1084
1085
1086
1087
1088
1089
1090
1091
1092
1093
1094
1095
1096
1097
1098
1099
1100
1101
1102
1103
1104
1105
1106
1107
1108
1109
1110
1111
1112
1113
1114
1115
1116
1117
1118
1119
1120
1121
1122
1123
1124
1125
1126
1127
1128
1129
1130
1131
1132
1133
1134
1135
1138
1139
1140
1141
1142
1143
1144
1145
1146
1147
1148
1149
1150
1151
1152
1153
1154
1155
1156
1157
1158
1159
1160
1161
1163
1164
1165
1166
1167
1169
1170
1174
1175
1176
1177
1178
1179
1180
1182
1185
1186
1188
1189
1190
1191
1192
1193
1194
1195
1196
1197
1199
1200
1201
1202
1203
1204
1205
1206
1207
1208
1209
1211
1212
1213
1214
1215
1216
1219
1242
1243
1245
1246
1248
1249
1250
1251
1252
1253
1254
1255
1256
1257
1258
1259
1260
1261
1262
1263
1264
1265
1266
1267
1268
1269
1270
1271
1272
1273
1274
1275
1276
1277
1278
1279
1280
1281
1282
1283
1289
1290
1291
1292
1293
1294
1295
1296
1297
1298
1299
1300
1301
1302
1303
1304
1305
1306
1307
1308
1309
1310
1311
1312
1313
1314
1315
1316
1317
1318
1319
1320
1321
1322
1323
1365
1366
1367
1368
1369
1370
1371
1372
1373
1374
1375
1376
1377
1378
1379
1380
1381
1382
1383
1384
1385
1386
1387
1388
1389
1390
1391
1392
1400
1401
1402
1403
1404
1405
1406
1408
1409
1410
1412
1413
1415
1416
1417
1418
1492
1493
1494
1495
1497
1498
1499
1500
1503
1504
1505
1506
1507
1508
1509
1510
1511
1512
1513
1514
1515
1516
1517
1519
1520
1582
1583
1584
1586
1587
1613
1614
1615
1616
1617
1618
1619
1620
1621
1622
1627
1628
1629
1631
1632
1633
1634
1635
1636
1637
1638
1639
1652
1653
1654
1655
1656
1657
1664
1665
1666
1667
1668
1669
1670
1671
1672
1673
1675
1676
1677
1678
1679
1680
1681
1682
1686
1687
1692
1693
1694
1695
1696
1699
1703
1704
1705
1706
1707
1713
1714
1715
1717
1718
1720
1721
1736
1737
1738
1752
1753
1754
1755
1769
1770
1771
1772
1773
1774
1775
1776
1777
1778
1780
1781
1782
1783
1784
1789
1796
1797
1829
1830
1831
1833
1836
1837
1838
1839
1864
1865
1866
1867
1869
1870
1872
1880
1881
1882
1883
1884
1918
1919
1920
1921
1974
1975
1976
1977
1978
1979
1986
1987
1988
1989
1990
1991
1992
1993
1994
1995
1999
2013
2015
2016
2017
2018
2019
2020
2021
2023
2024
