1088
1089
1090
1091
1092
1093
1200
1214
1250
1259
1262
1268
1290
1292
1294
1295
1296
1297
1298
1299
1301
1302
1304
1305
1309
1310
1311
1315
1320
1366
1376
1379
1382
1438
1474
1477
1505
1605
1618
1622
1634
1635
1636
1637
1639
1664
1665
1666
1667
1668
1669
1670
1671
1672
1673
1686
1699
1703
1704
1705
1706
1707
1713
1714
1715
1720
1737
1738
1752
1753
1754
1755
1763
1764
1770
1773
1774
1777
1778
1783
1796
1797
1829
1833
1837
1839
1864
1867
1870
1872
1883
1918
1919
1920
1921
1974
1975
1977
1978
1979
1986
1987
1989
1990
1991
1992
1993
1994
2015
2016
2017
2018
2019
2020
2021
2023
2024
